3	0.49,90.01
4	1.26,87.88
4	2.10,96.94
5	2.59,26.06
2	4.13,50.86
4	4.61,15.66
1	5.07,51.64
4	5.28,94.94
3	6.88,94.18
2	7.74,4.57
1	8.37,16.67
3	9.38,36.54
1	9.44,79.36
4	9.46,91.74
5	9.83,19.48
3	10.20,7.61
3	10.91,9.14
4	12.46,79.92
1	12.58,52.46
3	13.13,67.46
1	13.31,44.82
2	13.84,58.91
1	14.51,7.55
3	14.69,23.93
5	16.14,44.18
2	16.40,73.19
2	17.06,24.59
2	18.47,33.91
1	19.18,99.81
3	19.91,84.74
4	21.53,65.85
5	23.50,6.63
2	24.29,21.14
1	24.68,22.74
4	24.83,61.27
1	25.18,28.79
3	26.56,31.63
4	26.85,29.34
4	27.74,31.90
4	28.28,4.99
4	28.36,83.94
5	29.28,57.08
4	29.33,82.92
3	29.74,39.32
1	29.98,46.53
1	30.65,13.80
1	32.01,72.58
5	32.21,28.28
3	32.75,56.10
2	32.86,28.26
5	33.19,97.78
5	33.29,91.36
2	33.37,86.66
1	33.44,3.67
1	36.59,19.63
5	38.37,83.39
5	38.85,45.85
1	39.76,14.79
5	40.76,98.62
2	41.14,71.55
5	41.97,84.89
4	44.31,9.55
1	44.78,67.83
5	45.24,30.81
2	45.30,46.10
2	46.26,86.27
5	47.19,34.92
5	47.35,87.84
4	47.44,51.21
3	47.86,80.89
4	51.25,52.96
5	51.55,43.69
3	52.11,87.16
3	52.54,58.35
4	53.52,1.60
4	53.66,27.23
1	54.05,69.81
1	54.30,46.25
1	54.65,34.17
1	54.78,16.22
4	55.49,22.09
1	56.01,34.78
2	59.76,25.83
2	60.14,21.71
1	60.70,65.77
2	62.69,33.33
4	63.00,30.52
1	64.60,76.58
5	65.02,35.39
3	67.28,97.05
4	67.51,16.21
2	67.63,83.54
5	69.48,80.42
4	69.58,64.19
3	69.64,54.23
3	69.88,16.35
5	69.92,99.07
3	71.74,74.97
4	72.09,81.08
3	75.52,9.03
4	76.97,36.49
3	77.85,92.40
3	77.87,24.25
4	78.00,36.54
2	78.25,91.59
2	79.49,78.26
2	82.74,36.45
1	83.89,78.48
5	84.86,93.38
3	86.18,14.83
2	89.14,50.22
4	89.38,45.21
3	89.55,0.46
1	92.22,10.48
4	92.58,45.88
3	92.75,88.43
4	93.58,52.21
3	94.23,80.97
5	94.65,92.53
1	96.25,14.04
2	96.61,10.38
5	96.69,49.37
1	97.50,17.11
2	98.32,97.40
